$ANSIBLE_VAULT;1.1;AES256
31316436313164333138383639643933633838663531366662356239613664633863346165613361
3535366137323665666266666264333464663365646535330a653336663835663861623033653833
65303433313435306331623034336236666633323866613638633661666564646434366365633139
3639643534346366380a636537366638343135643531623263363631383733653261333636663537
39656662313665393966373965656563363634626664346366383166326334646465343663636636
62363166613262613236633539623162373531656130663436653336343934383262646230386435
61373836346630306365646135663634396661633037363535323536363035373532346636346666
61326562346438386333333738643239373437353436363039343532623537653463346463396330
64313165363335396565303262396661306330643330323966643562656161346439326237653330
31353031643662643130313763316139646361336562613032306437636331666437363532333335
37333734656434633732303866643138333039376632386339366631383638623039323835663265
36653634326666656664356135303936616136303266643862623134393038653934643738376564
31613338646333303434353538623832666364646530306338303836626262626665653735623265
39633764643633383838636331383762333438343637383162396264626133313939383431303733
65666166393664376162333138306130363533653033303463363034663333386266313331653135
33653961306561636632353238666165373038643963646530663930373566356333393366663563
66323038303166316137373737663466643063336434343666663338303266623439633435336439
63613035636437373734356231366439646261623961316232383536663064313065323732366561
31663661386239383231333131636231353430306230343938316466646135383064303365346536
31303665376435353966333835616338643164343865336439643337656230326435356437356639
39643731343735366538383065363165333264633064633864626433376563663466653336313935
32376363363164333835343965373761646262633538633337326239303936616339356365636661
31633963633935323339656131613737663336653334383739333834376232643438313232663331
65313039633137623636303862373533343763343363316334346231656232653535313865336331
37613832643565613035376637613564656638646161663032646563396237353333333338616634
34373835306663653265346131336133643134643832363232383763376565363334343861346661
61643464363866363632336566663135373862363466383539643130653661643639376432363962
65313864633066326537313161666565626435363532616635353930396635303735356631623866
37666164353536393330646662356235616537376431386432313832333730633761323964333165
38346634346633643032636437653062346132373733336261396461336633613437323537396537
33383638383937396330343366396663346630666130613932383339353233663232653162323130
36316166316633323330656236353838643835656332656462646565643030333661643933306566
30356338383332316333333539343738616331313330653962626364373335643435626335313238
32313532623831306131646364623663343734396431313330633965643762663666393861383130
30383138663434663131336438313732623462346465316637346634303665363236616535363538
66386431373565333666343036343063316530626533383438393666363462393837303265636136
36373465306463313830623731303335633831613439636238643938323735383337623235373330
34613337313737303231333832373537316263303064363932353038666630613139373439373431
35396163636336636639363361393264316639616237393636613163356430323266393666346562
61306566383735333334323661386261323330653237343838343632343263383935306539303631
37623663306564316364646161373734626665376234396339653062353432663538653766303364
64613337643664666462366139353730313534383535383161366531653532333639323364386666
34323430306633663565336330326431666237633262383163616535353532643439306233643064
38643633366631383730346338363331343330373064376532393030353236633939643765636161
32373261326532363231306236336431386339656332663733636138383561643432363930343032
38303661666337393736623932636562383665303539636162303533363137373633613363633233
35313165396261313033663637396435623165383862656434323963393231316531383734326230
30383930646363383664633735646438306436343338316233616134346463666365366432346435
64666637656331623934343062306533386337623539383866636236343863343839303136636561
38323762326166383931653161386637623638313031323263343830346666643462656235323836
37396332663666303262616561356532653462356165653439333437366237396237626163363935
66643761666131306232333630616332613837643237366339646139623633333362393838383533
38336262343930663561306138313635303037653233386534353938656132356661633736376433
66653737663430326163353035363239383238386532623161653037373565666563343332376265
38353362636438336631333964623062333034313633343434313435383562663738343766383833
35373736343563626233633834306564386131316463316639336237623162656662623634313938
37643865643139393664653264343133663661303539306536313964363038343535656233336335
61356337623762346537383134633932373931393662316566333464633432633939373830663266
30303461366365356331616664643262383031383363623636316335306466613037643161623763
65386365353237373830326134303231353530383139346237346534353734336463353739343433
30663139323232613836656333323834336664336632316631636337656566393630346366633033
37333963343630663430393363383434333162373464393833383265356262663836373861306531
33383365366333313362333139623064393136383261376339323664623634363534383932373265
39643437333330643436323866653261316635653434313438616336646535303436623561623530
39376432613237643330306231306466623462333136643338373431343133376266633536303862
34653934663462303233373436663939373830376336303361626135383738366437646132396339
31373461346664646163626162653066373336643862316135343336356238363562356335373361
61363233666539346133616161393635653938613863366533356331633235343737663734656339
61306334653262613264356461373531323038353063636162623562363135386365386136656633
61666166376664636366363963366131666634393264336638323834366131616236343463336431
35356466323565383033303862326537653331326433303534653362396635336135323933333133
37366537336232343937346331666431663763353234356532653130303934626633326132326632
31333166306136616234383731333435636531656362646434346663393435663362356236316634
65653133333561306566366239306266393932303236323530366431313538623236356165343534
62393834633865613261373839326237666566343132643234376438376662386331343531636464
31366539613135646663333864393965396530346166346530356632373766313964303534383933
61633966316439336238653437356463653638376630626235643634366461653562386131316435
32666638383734326330353530363266616433323633366539343732366532353632613734326566
63316164396430323330663735666533613030626362323366303762323239393662316534396263
37653162366633633334643932366338303734313866323237326433623465396135373863653937
33393162313165313865333330363335613463303062373037386361653765633331353038306534
32306536623962643732626337363166633537353032643432336562666639643530326566636336
64393532333932373464343330636337663833313364636464313933313266626130623966326432
33626536663438353263326462303133633835393432323832623636306264626666373963383130
38373165623664636432376431333332663032653863353461343039336634343038363662356461
31613362633766376432333031376437323834616632323363366365336365663862323930623733
36346634376534353737306234623338633537623130383864393464363136326564393362383465
63323466633135356161343462396132343733653237316463346162653730656466346361626339
34656531623733653666323837633765636131323230366232363235313636383263616636303939
36383462656362336635356465333932326639303433636334666335666338356236316434336237
33623364656137366562363166323331356335656131336239653261656661386633333161396565
62333734356566613537653837366136313735323338386663353233653339656166636637386230
64346139343462653163636135653466313430323064303666363666633533326666396537663065
39346632356465346237356164376336636161656232363132333632666462393337343833386262
64336530313765626539336434396436396531646136663838643566656437323261316462396132
38656336326463653133636432373161313263346163333433303861373262623565663731646331
31616466663661643939643233373138646637353733343065356438653435373662326434333631
61346165373133663134613666363963653432313962626333613061653230643439383630373333
38323161313130383839373836633462393332356339393533343131343937613339396232613062
65656431633463326633636362646133626533323735366663613365313661313061386331663432
31333764303234373163313034333236396430393632306136306235393835383862646135353962
33366466383761323465616238363837393931353435653261656264613131646566313264303433
37643131663632663633366236326635376333653264343265343939373030306232616436643937
64616533373338353238333064363038666166336263646131643962363233636236343661643764
65343430633463613934323631313235316566326162373634326133383132356532386633663432
61646233356564323735333062653737626564663138376435613632333936386539303837363431
34663830643338303030313739393163336564663765623735656137326531376263653637666238
65336639333238636539303135303834383937306666356537633461626232643237383262346664
65626638386438346661393930353534626666653436386466623933653134346565646537396434
35623866653830303131336163633231306231666263303932393530396234346331346234383536
38376465343638343131316539616630663562376361393133323961363238623663653661636334
39666532653135633366313461396336636136626634653930356666353465386664306663663864
31383732346364343936663936316237623735373766613333306237303933393666616631383166
31356136383636613365646639393539353065316262303663303362353666353338316438633163
66376132333663633566326566663530353431663434326339316532666635333034343631636630
33396563613734323563383363353636636535346237366131326564326139663065383531396432
66356263373763346534363165636130383235366161386331323535373566316264313636363531
64643032646232353334363164656430326565356339663965653239326432373637653336313536
31613339383132393566326233313232643561306130653636356463313038663064393234366165
33336161373532653234316534633035323133353763363533653436313266313931376235373734
61653261626662613134366235346563336565666434646430363938326535303035663366366361
30646161316265653238656337666263333330383139623462353234316138366339613665393239
61303236343635306134666439353561373837633462663738303832306262636234313237353162
39616662393838306562613061613666306231646138303262633133636339326235376431663930
36366139383134323464316637306233653537626238346664383831633830383061613366346638
63643837383962633863316566386430376436633237636237303461356232383236656161323636
35616463613534666165613235613630363232636634323137353763343536306662383034613039
66613936336333646232333536323733636538386334316465656263346630663264313464666535
63363334646636376361373464626137666536313034613037626537393766383835306535363961
30373935336661616537326139666530623332636632383636383261623639633837323031636135
36393464343135333335663334336539323733393434363530653837636331626566306538613938
31303933366466373231313133396539663766656139376139633537663461333138636264383832
33343864646435393432373731323263356562636666316363643262306635636663333964643434
36653562333135626130323737323966373333666331393965316534313665616131333065353933
63323230356564613566313435393637663039313162643566613064326534666137383438336339
36373536376530353738393938623964343536363731643761326232616432343730323661366630
30663361613535343637376537383763643838303130653639313662343430363536313764623439
33383565356662343937666163373363323332386263363231656366303961666338393236383330
39646339623361636531653237313033393231643830353536343863396666643963316237313633
39636663663631663835663832316238323734376465353163366239613435356532643836306365
39393231643135353430393836376536383763353637623235323435623664383862366636653765
63386539653264366338326263373865336163326230303738313634626137663333383139303339
36363534376138356633656337653861643064633933613035396335356238626534323463663833
34363831353134376666646236353531303939633235353736303433633263306338353032366361
35313665666433363732356362663536366433613539623037636335643135303063333464383033
66313266316238356531323866616437636361326434336464613965646232336132343861323730
66303963366635336530653531643036316239303462626161373733366632353266353833323366
39333439323961343538393566653766386531616364633631373236653962343733313664346533
36633339613761646431396164636631373266313835623262663366306538613562303661386466
65333138313065303564643862313939643739633465333935613834646638376561343538343661
36396535633366353437343664303164393938316330643664626430363131616362313838333861
39643137353539363434626535353639666563653133303563626132666135376530373938653838
65353332363264333862353861366334326436386432336163663735663432323361323139653862
38383963623963636361376163653935346637383935316332326337616530366237323063356232
66653062346437373933643065373138303230313438623633613632396565393239373537353766
36396462643330653032386664646539663864396430353233393366656135613266336362323062
38613736646562303063376537313933306266393331383136363331653161353431346232383862
66383633313336323930353631646531326133663637346539323133306165386433633733313035
33303565376434643833633864623662613534386137656162303338653931633533366565313931
65623262376133343134623433306131366336316334356439313935653465636637666237313264
31643537613333663964636666373461363766386435356239353030336232373030383164303135
39396534363233653065663736396637666563373432373864383634613065663934383064313534
61353538333365373433646331323135353936653965323339393666633235636634333433393332
38363130316161626265356538613536313739396433616164643730323362373763626238626434
33663766313830323030646662616466633136313337383733316566663038326363373330383932
37383531633761346166303938633265353334383336393631356232333239313731363339633333
65663662343835376465373063303063636261656231323663333966326164356166653630313066
66643861383234656139623466316261363933376265646230613961646338336235386564643837
64333965653932653136613066363930376630396463333536316535633365656663373063656635
65643331636132306631363139663535316539356166323864336565666133626263366462376439
62323033616236353134656333303563636431323061623938316264383730363466353735336363
66373865386132336336313838393663613437633333616663396430653737663463306336343032
32373463636264393737373664363962623035656530363566666637356364613537363462326561
62363637303233633931333565336333326564363132326634386330383262313636326366636235
63623431643937363633323335653334616531393839666533303633313431323739346633623934
63356639383463663334613834343562346137656430623431353136316132363833616464313933
6439
