$ANSIBLE_VAULT;1.1;AES256
66303331333665373135643364346237313663313466616665316364643431373333363837356434
6438343135343338323738376561313536376338623666640a353666653530393030343635666235
38383834653334323033396266333131393866313664303735333632616237376365616461656664
6131636162353065320a393131346339663535366538373664333939386565323935656163643762
33326633343565323766333865616661386262373734336332623263653933656336636465363136
66386561643538353836323830626262643430373230653865643230373630396264663332306432
38313038653732343264306235363966333738393762386462376233383537353038323163356430
62366663653336613138373438613163373966376361393138353335646534373563363961626430
36616438346363346430336433646563393565396335656265383665376136323232303333363531
30343435626137386462396131663632316234366233373735613935613230373238313936646562
31623734653235396436383965356532336630376138386261303430653666313730346432653231
33646636633134376166653064613530353063363365396238336363616538373738663464653763
30356465396664633432373063623336383930636634656464313632316238353462336137303461
62363031646361366463313432323666393265383239323136353034613266356466636337313732
30636362333238333264316666373330303565373661643462323463353465366638343737353831
63313633646561336461326262326535353435666665363830643937666561363335623063346463
31656164393962666430363365386334373261356461626536393739393130353961613463303063
34313433633632383430303165373839323366333938386463393534613030633938333963326339
64346631333464623138663963383664303238343261396365653534633431326639353834636334
31383937316462303462633362616166636330316338633261383835306235323537363030363830
36333166346436323966326661633036646439383735626439636236336266636231343436306532
31666432333063343264346235356361393337366130326463653733323139623363376538343734
64366562303663313336373037356433633039666161626634646563366464363866376532623535
33326136323566636666316239396636646563373939383161306565633033313539633834653663
33323238323138633539633836653035616335646631643731313136393139353838643834393565
65346464333633643231303838643666613030363464396530393835303862616437636238336137
62306365306364363865303330376132303765646439393737386432323938666562323430333933
36383830373035646638636231323839626639653338393062656533323435306439623565323339
31336233313363376562373239643963363032613330323233636131353465333434616466323832
33646135303932613533633765666435303938626339343132616232633231393036666238646238
39396364386538383963353830343065323462376363333133366633373166313966363761383165
33643335353833383762653063643934313538383730303231656663306463323639353937303161
61323062343739366231353432386237353435313933643530636130343437616136316630623931
63633964376434663633313431636330653830653761316564323637656139313734653133303430
64326337363864383863633665343862613733353534386335396164663533653932313637313133
63663933646435626261363332623132393962376539313736653031386263383935616235383832
37356438306635366532633436303862326531653432666365323438626434653263326335643532
65356636373439633265313365373439303237303330646635663566633563666338623936653261
64353732323564643638336264613762666237376661376638656539333332643731393064656137
35313262346532383862396632613438306434303932313864313364386136383237616135393961
39623365343430316236343332333732363131306133353965396561626561613438373539613866
37613964393335326166613436636537373335376265323864313265313961386336643366363038
61303338376364666663356134323164393837373635356665643561636534396533353434393833
32383135646661666464343939623663633365613334313130316233363365653465343132343435
61663537386333333935336330393463343261313366356339616264656331373937363061653430
31656338633564363462646330643065623463626637316233306565633766643262616634316632
66373636346465646432393031653861333633343336386138346566303531313934326530396439
62653330316261343337373936643435346335373938393664356531633234613038623465373737
33613135333263613731336465636664393632633432633866636337346236333433613039613666
62323562343564656434646263373863356237383638336137383162373561666531366234663336
66346465663934323638303864376362393030383563636233643631353033663837343732356662
61366266653035373238623366343233613333613634356165366564323335316639656433653064
35333566343433393135303762636530653130613666663433623034356531636564656466303638
36633166343262623736363965303738663664346631626233633163653762356664393933316662
32376236623261363736376363303664376136633263643665663536303234386634326534356330
31346239633632373034363938346431633264656561643162653066313663383937613164316165
37306132646638373832383361343630373032626634346463636430386466656336633764633139
36393734383732333363633732646161326137623965376464366537636434376632653661646463
61633637356233336566353939383339346430333164316230343933346130613238353933626338
33366463346163343031326262313630376563613338313864303536396162646331366164376566
38393661643561633930643430316361396438633264363963663931393830656139656336323165
34643932663861336661323464653561643366613364333339356633643132333132663731323565
64326331306331643830623264306331383333373439323435336132346634323931333563316564
30366638333133666434333036303731616333303461663364633736633635633962373137646661
31633464363333306264306464306231323439643466616436373266313630343032313262633832
31326139313536663664633330616439613133343131663933623935633038613264663939356263
36303235623434396230643131666534666434633061636337653133333436633262393939343563
39663836663631363930396638643637666438386231303632343134653533313332646232663638
34363538383265613835333030633061666466323761326562373732396630646165646261633631
39383733353937623031333431306336383135396534336462313766633034626130393536613030
31666666343331393561323937396636386636653539633833386636366361643631366462373739
63653030363865393465666265653430653261333132366631303063376164386539313835323935
31623733353832306138623164633934663437333331653733356532643530313562633164636339
63343339326335643830353433633631393239306364383263643564613362323037366137616338
36346433663635616337653432323239376631366439366636656236636637643430313162363630
39303732396238323330353233386163363630323134383665646364356661363738633931396435
64643463343361643936326433653865326265353933353963316262613233303831353565303434
33313463396562653330373335363562613931383332303434393866613436626134666537393232
30333137323133356235326466656661633033656435353033343266396463366661353861333663
39333032613062353630633438323539326134633436636466346163396663303633656435323730
30333831383466316165383436363933653464656362653230356433663966613931643763393336
61333334376235363438383139386664393335313435373935313731343235363136323863326561
37393662313363303661393232656530636362646437623163393231663133306537663936643038
31353432373634613032366165366331356134313761306164653938363735383431653533326462
39363465386537343862356430363734383733393238383364376163643065323965666535346232
61366464623061383834343061643036326635393364303039663661396539653634633564633166
32653137323332643335386437396661623134343832366337326563336234613964643935326435
62646534306266313838343731356239303836363834396361336135316632333862633663396637
64353739646430393230373465393664313735376336316632336164366638633331333539376464
35343833383832343463666533613630343963653861643561613466386236343931393332376535
65313530306363373634336138333663353137663037376339346261636561343766336639376330
63396231353364656665663161396666633535653265373566313837333436343662303363616235
37356665376637623263366266336233383239323633326136646165653630626565343862363639
62633465316135643339353739306232663665623963383861316466393561616633626634656233
33646135663335663738376131376265656436343466336464356533626566316139623538663531
66323563656633353933643530656561386535613534633539343966623736343630303332303639
33643639333664376534333662303336353338323238323236623031643133313136326230643632
30326131363266656139663066303366306635633934643634623332313938616336653866633433
64646466623737653862376264393034366330303766613038303834386465303933653266363564
62653262613564633731623665323632393636363461626166636134373334363737636531643264
31383735623232613734316663316430636538666638366365323162333661643237363866623136
31333839393761656266613836363433303061323764396332373930363935636137633635333162
30333361666237396265353536303331663731306533393634306232303065333062303864386366
31343030633833623162313565656634303837623161653539356238346133656239616632643431
36666232666635376339643735653161366662343537326237613336383237316137333963636661
37386261386235626336376363653364373661323132383730363833383733653837363464346534
30613730336164383163626164636230616363303234383631346235653238393532323433306436
38626334383134633239376632303566653963636566646530316432313933626565653963626537
61336361336666613266326565303234343736346665386639353039656465396330623761633263
62393235343465356630643935396437346436653237633534636639616136396239333336396663
63383335396633323133633236663163663933393534323632386361316231306633306563663366
64346636333731636265313030643035316330366664383439353034363138666265646663373530
36346239323930316661653261363036383136326639373563663931646461303436343938356634
30343434393533643462636437363662646531343332356162306334303334303237643864616531
65333462376630313039383034306663393532666665643861393338633035343735346632643132
31336135326364353463303063313039393836383035643065393432663332643335643230653265
64363963346166663537343264343735663037656434663231643539636131386437366666303030
66393230613963323866316565353032366566343766343430666332313362323630376535623833
34303139333464343563666435633632396138343630393165663332613034343536396262636333
35326464393662303439373363373833356464366266313331636431356239366134363465636432
34343832303664343364333164363564303839343066636565366633396435626461363365363232
39323832333139356562646136356334623161623264643830373435663963303837656131373839
35376661386637643231383662336564643763383866613763623239346465353864386239353632
31383465616335613263666564366339613966386566616530363636343461336133616633623531
34636338316634626462613839323634326464306361343964613537613432613933396630303338
38643630626131356132666539366138613633616236343036346533353438616337636233343335
37613332336466623864346136353939653831336539326639613432323132356164363531353631
37323135613535633931623634663532646662663135343634636339623136313737323433313863
66626234613066643730613334363033363830383935303532623033393062653762323465356233
64373562313539636261656263313363353639393930393134306133396533346531643638656337
65623730616230373065396231343666653061343937313931646465346432323036376538653832
38336364393739393761383632613231383066636331396339616234313562303561343864386263
62303239646636376664366639653866656366313265623162346365346638623530343731333961
35386633633930613463336666633635666130643265376336663837393264633766633234376233
38623465333731616463306432306463313036383834353065663266383937353638663735326536
31303832643363396533313535646136316431643335373933616166306236306434653035666634
66313266666163366465666630356663636561346438613161653733663334396631386534383339
65346539643734343065643833313961316639636239633230373735643930656231373332333833
34303335613536313233346535376338326464646163643331656438366139346165613566636136
36653665616331323135373232653132643864633034336132663031626564343935383561663333
61353663373438653235343962326265633466366339636339353364393164366330353537383362
63383035633462363739303336643033333838306333636139383964373032353337316530366433
62333833346432653463396462633366363866313931333633613431393865646461626139383164
35616532366531373664656134633166346665393666363034323637316563666561643466303639
32316138346630373161333561346134363937313965363232363238383932386331373834316264
30303465366135373039623035666231353733306335383237663264326463303435663531353737
33333039303530373038313337366331373831333634333864306635366532623032643236633832
30633837376366636438623235343735386163386233623664333135373564633061386330313166
3633
